A = 10632032
B = 11001101100111100110011010001010110010000000000
C = 0011001101000101
D = 1011001101000101
CxD

 Step               Product                 Next
    0  0000000000000000 1011001101000101 0 10 -> sub
    1 +1100110010111011
       1100110010111011 1011001101000101 0
       
    2  1110011001011101 1101100110100010 1 01 -> add
      +0011001101000101
       0001100110100010 1101100110100010 1
       
    3  0000110011010001 0110110011010001 0 10 -> sub
      +1100110010111011
       1101100110001100 0110110011010001 0
       
    4  1110110011000110 0011011001101000 1 01 -> add
      +0011001101000101
       0010000000001011 0011011001101000 1
       
    5  0001000000000101 1001101100110100 0 00 -> shift
    
    6  0000100000000010 1100110110011010 0 00 -> shift
    
    7  0000010000000001 0110011011001101 0 10 -> sub
      +1100110010111011
       1101000010111100 0110011011001101 0
       
    8  1110100001011110 0011001101100110 1 01 -> add
      +0011001101000101
       0001101110100011 0011001101100110 1
       
    9  0000110111010001 1001100110110011 0 10 -> sub
      +1100110010111011
       1101101010001100 1001100110110011 0
       
   10  1110110101000110 0100110011011001 1 11 -> shift
   
   11  1111011010100011 0010011001101100 1 01 -> add
      +0011001101000101
       0010100111101000 0010011001101100 1
       
   12  0001010011110100 0001001100110110 0 00 -> shift
   
   13  0000101001111010 0000100110011011 0 10 -> sub
      +1100110010111011
       1101011100110101 0000100110011011 0
       
   14  1110101110011010 1000010011001101 1 11 -> shift
   
   15  1111010111001101 0100001001100110 1 01 -> add
      +0011001101000101
       0010100100010010 0100001001100110 1
       
   16  0001010010001001 0010000100110011 0 10 -> sub
      +1100110010111011
       1110000101000100 0010000100110011 0
       1111000010100010 0001000010011001 1 done
    
 CxD = 1111000010100010 0001000010011001